Starting Dynare (version 6.2).
Calling Dynare with arguments: none
Starting preprocessing of the model file ... 
Found 13 equation(s). 
Evaluating expressions... 
Computing static model derivatives (order 1). 
Normalizing the static model... 
Finding the optimal block decomposition of the static model... 
8 block(s) found: 
  7 recursive block(s) and 1 simultaneous block(s). 
  the largest simultaneous block has 5 equation(s) 
                                 and 5 feedback variable(s). 
Computing dynamic model derivatives (order 1). 
Normalizing the dynamic model... 
Finding the optimal block decomposition of the dynamic model... 
8 block(s) found: 
  7 recursive block(s) and 1 simultaneous block(s). 
  the largest simultaneous block has 5 equation(s) 
                                 and 5 feedback variable(s). 
Preprocessing completed. 
Preprocessing time: 0h00m02s.
Call solver on the full nonlinear problem.

STEADY-STATE RESULTS:

y    		 2.30949
c    		 1.439
k    		 7.50129
i    		 0.399069
h    		 1.29278
A    		 1
y_h  		 1.78645
w    		 1.19692
d    		 4.7954
tb   		 47.1424
ca   		 46.671
beta 		 0.953834
r    		 0.0484

MODEL SUMMARY

  Number of variables:         13
  Number of stochastic shocks: 1
  Number of state variables:   3
  Number of jumpers:           4
  Number of static variables:  7


MATRIX OF COVARIANCE OF EXOGENOUS SHOCKS
Variables           e
e            0.000166

POLICY AND TRANSITION FUNCTIONS
                                   y               c               k               i               h               A             y_h               w               d              tb              ca            beta               r
Constant                    2.309490        1.438997        7.501294        0.399069        1.292778        1.000000        1.786455        1.196925        4.795396       47.142407       46.670983        0.953834        0.048400
A(-1)                       3.091353        1.068249        4.854045        4.854045        1.017906        0.811000        0.984631        0.659703        2.830941     -283.094091     -283.094091        0.010428               0
d(-1)                              0       -0.463076               0               0               0               0               0               0        0.878119       46.307532       45.966337        0.032171               0
k(-1)                       0.167689        0.334085        0.646165       -0.300635        0.055216               0        0.053411        0.035785       -0.134239       13.423851       13.423851       -0.018619               0
e                           3.811779        1.317200        5.985259        5.985259        1.255124        1.000000        1.214095        0.813444        3.490679     -349.067930     -349.067930        0.012859               0


THEORETICAL MOMENTS
VARIABLE         MEAN  STD. DEV.   VARIANCE
y              2.3095     0.1269     0.0161
c              1.4390     0.0451     0.0020
k              7.5013     0.3094     0.0957
i              0.3991     0.0907     0.0082
h              1.2928     0.0418     0.0017
A              1.0000     0.0220     0.0005
y_h            1.7865     0.0404     0.0016
w              1.1969     0.0271     0.0007
d              4.7954     0.1817     0.0330
tb            47.1424     8.7647    76.8204
ca            46.6710     8.7154    75.9576
beta           0.9538     0.0003     0.0000
r              0.0484     0.0000     0.0000



MATRIX OF CORRELATIONS
Variables          y        c        k        i        h        A      y_h        w        d       tb       ca     beta
y             1.0000   0.9999   0.9847   0.4832   1.0000   0.9597   1.0000   1.0000   0.9839   0.4333   0.4294   0.9886
c             0.9999   1.0000   0.9862   0.4749   0.9999   0.9570   0.9999   0.9999   0.9854   0.4415   0.4377   0.9859
k             0.9847   0.9862   1.0000   0.3232   0.9847   0.8961   0.9847   0.9847   1.0000   0.5837   0.5802   0.9588
i             0.4832   0.4749   0.3232   1.0000   0.4832   0.7097   0.4832   0.4832   0.3193  -0.5797  -0.5832   0.5515
h             1.0000   0.9999   0.9847   0.4832   1.0000   0.9597   1.0000   1.0000   0.9839   0.4333   0.4294   0.9886
A             0.9597   0.9570   0.8961   0.7097   0.9597   1.0000   0.9597   0.9597   0.8942   0.1626   0.1584   0.9724
y_h           1.0000   0.9999   0.9847   0.4832   1.0000   0.9597   1.0000   1.0000   0.9839   0.4333   0.4294   0.9886
w             1.0000   0.9999   0.9847   0.4832   1.0000   0.9597   1.0000   1.0000   0.9839   0.4333   0.4294   0.9886
d             0.9839   0.9854   1.0000   0.3193   0.9839   0.8942   0.9839   0.9839   1.0000   0.5871   0.5836   0.9585
tb            0.4333   0.4415   0.5837  -0.5797   0.4333   0.1626   0.4333   0.4333   0.5871   1.0000   1.0000   0.3532
ca            0.4294   0.4377   0.5802  -0.5832   0.4294   0.1584   0.4294   0.4294   0.5836   1.0000   1.0000   0.3493
beta          0.9886   0.9859   0.9588   0.5515   0.9886   0.9724   0.9886   0.9886   0.9585   0.3532   0.3493   1.0000



COEFFICIENTS OF AUTOCORRELATION
Order           1        2        3        4        5
y          0.9184   0.8142   0.7051   0.6008   0.5060
c          0.9220   0.8177   0.7069   0.6002   0.5031
k          0.9561   0.8692   0.7655   0.6600   0.5605
i          0.5059   0.2132   0.0455  -0.0454  -0.0900
h          0.9184   0.8142   0.7051   0.6008   0.5060
A          0.8110   0.6577   0.5334   0.4326   0.3508
y_h        0.9184   0.8142   0.7051   0.6008   0.5060
w          0.9184   0.8142   0.7051   0.6008   0.5060
d          0.9567   0.8708   0.7682   0.6637   0.5651
tb         0.7245   0.5321   0.3959   0.2983   0.2274
ca         0.7225   0.5291   0.3926   0.2951   0.2244
beta       0.8781   0.7711   0.6771   0.5946   0.5221
 
----------------------------------
Relative Standard Deviations in %
----------------------------------
VARIABLE        REL. STD. DEV.
y                5.493
c                3.132
k                4.125
i               22.728
h                3.231
A                2.205
y_h              2.262
w                2.262
d                3.790
tb              18.592
ca              18.674
beta             0.036
r                0.000
Total computing time : 0h00m06s
